   20
H0          0.000000  0.005000  0.202285  0.207434  1.019130  0.998296  1.063529  1.733849  2.022657  1.945608  1.773607  2.689748  2.839313  2.620842  2.961896  3.031885  3.030636  2.422963  2.497745  3.000992
H1          0.005000  0.000000  0.202285  0.207434  1.019130  0.998296  1.063529  1.733849  2.022657  1.945608  1.773607  2.689748  2.839313  2.620842  2.961896  3.031885  3.030636  2.422963  2.497745  3.000992
H3          0.202285  0.202285  0.000000  0.050029  1.176930  1.150120  1.220295  1.867897  2.187850  2.126620  1.921350  2.825702  2.894331  2.771877  3.146597  3.242237  3.213140  2.598760  2.646748  3.149492
H4          0.207434  0.207434  0.050029  0.000000  1.163797  1.165543  1.218016  1.852146  2.206696  2.136254  1.950577  2.843498  2.870107  2.741581  3.183076  3.274538  3.250406  2.602169  2.667232  3.181153
H7          1.019130  1.019130  1.176930  1.163797  0.000000  0.816965  0.895130  1.454256  1.748801  1.715608  1.539152  2.506972  2.587909  2.479072  2.792848  2.852602  2.896216  2.304016  2.415505  2.653671
H9          0.998296  0.998296  1.150120  1.165543  0.816965  0.000000  0.101228  1.443047  1.837004  1.776085  1.484458  2.514635  2.544441  2.444909  2.712377  2.781483  2.739202  2.226001  2.247089  2.439074
H10         1.063529  1.063529  1.220295  1.218016  0.895130  0.101228  0.000000  1.463708  1.821081  1.783711  1.561879  2.459568  2.604140  2.457365  2.640184  2.724427  2.661167  2.144461  2.148710  2.429831
H13         1.733849  1.733849  1.867897  1.852146  1.454256  1.443047  1.463708  0.000000  1.252922  1.199383  0.944793  2.205453  2.301851  2.209204  2.298168  2.389221  2.391607  2.047837  2.044427  2.354206
H14         2.022657  2.022657  2.187850  2.206696  1.748801  1.837004  1.821081  1.252922  0.000000  0.050027  1.548848  2.998871  3.223393  2.988820  3.154884  3.262047  3.253972  2.859263  2.907624  2.967630
H15         1.945608  1.945608  2.126620  2.136254  1.715608  1.776085  1.783711  1.199383  0.050027  0.000000  1.462548  2.991591  3.158099  2.942710  3.122787  3.215072  3.222125  2.789766  2.864508  2.896723
H18         1.773607  1.773607  1.921350  1.950577  1.539152  1.484458  1.561879  0.944793  1.548848  1.462548  0.000000  2.580189  2.675421  2.543972  2.570794  2.663759  2.643186  2.470149  2.511337  2.676705
H21         2.689748  2.689748  2.825702  2.843498  2.506972  2.514635  2.459568  2.205453  2.998871  2.991591  2.580189  0.000000  0.638866  0.541875  0.715101  0.768264  0.717365  0.487174  0.527302  0.867905
H22         2.839313  2.839313  2.894331  2.870107  2.587909  2.544441  2.604140  2.301851  3.223393  3.158099  2.675421  0.638866  0.000000  0.191791  0.862680  0.944889  0.897032  0.612151  0.661817  0.969723
H23         2.620842  2.620842  2.771877  2.741581  2.479072  2.444909  2.457365  2.209204  2.988820  2.942710  2.543972  0.541875  0.191791  0.000000  0.711408  0.794667  0.741775  0.496590  0.539405  0.858535
H26         2.961896  2.961896  3.146597  3.183076  2.792848  2.712377  2.640184  2.298168  3.154884  3.122787  2.570794  0.715101  0.862680  0.711408  0.000000  0.082415  0.049997  0.626585  0.653330  0.963680
H27         3.031885  3.031885  3.242237  3.274538  2.852602  2.781483  2.724427  2.389221  3.262047  3.215072  2.663759  0.768264  0.944889  0.794667  0.082415  0.000000  0.099066  0.701135  0.732162  1.039980
H28         3.030636  3.030636  3.213140  3.250406  2.896216  2.739202  2.661167  2.391607  3.253972  3.222125  2.643186  0.717365  0.897032  0.741775  0.049997  0.099066  0.000000  0.659300  0.686846  1.016305
H32         2.422963  2.422963  2.598760  2.602169  2.304016  2.226001  2.144461  2.047837  2.859263  2.789766  2.470149  0.487174  0.612151  0.496590  0.626585  0.701135  0.659300  0.000000  0.081094  0.632356
H33         2.497745  2.497745  2.646748  2.667232  2.415505  2.247089  2.148710  2.044427  2.907624  2.864508  2.511337  0.527302  0.661817  0.539405  0.653330  0.732162  0.686846  0.081094  0.000000  0.681180
H35         3.000992  3.000992  3.149492  3.181153  2.653671  2.439074  2.429831  2.354206  2.967630  2.896723  2.676705  0.867905  0.969723  0.858535  0.963680  1.039980  1.016305  0.632356  0.681180  0.000000
